0 1 1
0 20 1
0 21 1.414
1 0 1
1 2 1
1 20 1.414
1 21 1
1 22 1.414
2 1 1
2 3 1
2 21 1.414
2 22 1
2 23 1.414
3 2 1
3 4 1
3 22 1.414
3 23 1
3 24 1.414
4 3 1
4 5 1
4 23 1.414
4 24 1
4 25 1.414
5 4 1
5 6 1
5 24 1.414
5 25 1
5 26 1.414
6 5 1
6 7 1
6 25 1.414
6 26 1
6 27 1.414
7 6 1
7 8 1
7 26 1.414
7 27 1
7 28 1.414
8 7 1
8 9 1
8 27 1.414
8 28 1
8 29 1.414
9 8 1
9 10 1
9 28 1.414
9 29 1
9 30 1.414
10 9 1
10 11 1
10 29 1.414
10 30 1
10 31 1.414
11 10 1
11 12 1
11 30 1.414
11 31 1
11 32 1.414
12 11 1
12 13 1
12 31 1.414
12 32 1
12 33 1.414
13 12 1
13 14 1
13 32 1.414
13 33 1
13 34 1.414
14 13 1
14 15 1
14 33 1.414
14 34 1
14 35 1.414
15 14 1
15 16 1
15 34 1.414
15 35 1
15 36 1.414
16 15 1
16 17 1
16 35 1.414
16 36 1
16 37 1.414
17 16 1
17 18 1
17 36 1.414
17 37 1
17 38 1.414
18 17 1
18 19 1
18 37 1.414
18 38 1
18 39 1.414
19 18 1
19 38 1.414
19 39 1
20 0 1
20 1 1.414
20 21 1
20 40 1
20 41 1.414
21 0 1.414
21 1 1
21 2 1.414
21 20 1
21 22 1
21 40 1.414
21 41 1
21 42 1.414
22 1 1.414
22 2 1
22 3 1.414
22 21 1
22 23 1
22 41 1.414
22 42 1
22 43 1.414
23 2 1.414
23 3 1
23 4 1.414
23 22 1
23 24 1
23 42 1.414
23 43 1
23 44 1.414
24 3 1.414
24 4 1
24 5 1.414
24 23 1
24 25 1
24 43 1.414
24 44 1
24 45 1.414
25 4 1.414
25 5 1
25 6 1.414
25 24 1
25 26 1
25 44 1.414
25 45 1
25 46 1.414
26 5 1.414
26 6 1
26 7 1.414
26 25 1
26 27 1
26 45 1.414
26 46 1
26 47 1.414
27 6 1.414
27 7 1
27 8 1.414
27 26 1
27 28 1
27 46 1.414
27 47 1
27 48 1.414
28 7 1.414
28 8 1
28 9 1.414
28 27 1
28 29 1
28 47 1.414
28 48 1
28 49 1.414
29 8 1.414
29 9 1
29 10 1.414
29 28 1
29 30 1
29 48 1.414
29 49 1
29 50 1.414
30 9 1.414
30 10 1
30 11 1.414
30 29 1
30 31 1
30 49 1.414
30 50 1
30 51 1.414
31 10 1.414
31 11 1
31 12 1.414
31 30 1
31 32 1
31 50 1.414
31 51 1
31 52 1.414
32 11 1.414
32 12 1
32 13 1.414
32 31 1
32 33 1
32 51 1.414
32 52 1
32 53 1.414
33 12 1.414
33 13 1
33 14 1.414
33 32 1
33 34 1
33 52 1.414
33 53 1
33 54 1.414
34 13 1.414
34 14 1
34 15 1.414
34 33 1
34 35 1
34 53 1.414
34 54 1
34 55 1.414
35 14 1.414
35 15 1
35 16 1.414
35 34 1
35 36 1
35 54 1.414
35 55 1
35 56 1.414
36 15 1.414
36 16 1
36 17 1.414
36 35 1
36 37 1
36 55 1.414
36 56 1
36 57 1.414
37 16 1.414
37 17 1
37 18 1.414
37 36 1
37 38 1
37 56 1.414
37 57 1
37 58 1.414
38 17 1.414
38 18 1
38 37 1
38 57 1.414
38 58 1
39 18 1.414
39 19 1
39 20 1.414
39 38 1
39 40 1
39 58 1.414
39 59 1
39 60 1.414
40 20 1
40 21 1.414
40 41 1
40 60 1
40 61 1.414
41 20 1.414
41 21 1
41 22 1.414
41 40 1
41 42 1
41 60 1.414
41 61 1
41 62 1.414
42 21 1.414
42 22 1
42 23 1.414
42 41 1
42 43 1
42 61 1.414
42 62 1
42 63 1.414
43 22 1.414
43 23 1
43 24 1.414
43 42 1
43 44 1
43 62 1.414
43 63 1
43 64 1.414
44 23 1.414
44 24 1
44 25 1.414
44 43 1
44 45 1
44 63 1.414
44 64 1
44 65 1.414
45 24 1.414
45 25 1
45 26 1.414
45 44 1
45 46 1
45 64 1.414
45 65 1
45 66 1.414
46 25 1.414
46 26 1
46 27 1.414
46 45 1
46 47 1
46 65 1.414
46 66 1
46 67 1.414
47 26 1.414
47 27 1
47 28 1.414
47 46 1
47 48 1
47 66 1.414
47 67 1
47 68 1.414
48 27 1.414
48 28 1
48 29 1.414
48 47 1
48 49 1
48 67 1.414
48 68 1
48 69 1.414
49 28 1.414
49 29 1
49 30 1.414
49 48 1
49 50 1
49 68 1.414
49 69 1
49 70 1.414
50 29 1.414
50 30 1
50 31 1.414
50 49 1
50 51 1
50 69 1.414
50 70 1
50 71 1.414
51 30 1.414
51 31 1
51 32 1.414
51 50 1
51 52 1
51 70 1.414
51 71 1
51 72 1.414
52 31 1.414
52 32 1
52 33 1.414
52 51 1
52 53 1
52 71 1.414
52 72 1
52 73 1.414
53 32 1.414
53 33 1
53 34 1.414
53 52 1
53 54 1
53 72 1.414
53 73 1
53 74 1.414
54 33 1.414
54 34 1
54 35 1.414
54 53 1
54 55 1
54 73 1.414
54 74 1
54 75 1.414
55 34 1.414
55 35 1
55 36 1.414
55 54 1
55 56 1
55 74 1.414
55 75 1
55 76 1.414
56 35 1.414
56 36 1
56 37 1.414
56 55 1
56 57 1
56 75 1.414
56 76 1
56 77 1.414
57 36 1.414
57 37 1
57 56 1
57 76 1.414
57 77 1
58 37 1.414
58 38 1
58 39 1.414
58 57 1
58 59 1
58 77 1.414
58 78 1
58 79 1.414
59 38 1.414
59 39 1
59 40 1.414
59 58 1
59 60 1
59 78 1.414
59 79 1
59 80 1.414
60 40 1
60 41 1.414
60 61 1
60 80 1
60 81 1.414
61 40 1.414
61 41 1
61 42 1.414
61 60 1
61 62 1
61 80 1.414
61 81 1
61 82 1.414
62 41 1.414
62 42 1
62 43 1.414
62 61 1
62 63 1
62 81 1.414
62 82 1
62 83 1.414
63 42 1.414
63 43 1
63 44 1.414
63 62 1
63 64 1
63 82 1.414
63 83 1
63 84 1.414
64 43 1.414
64 44 1
64 45 1.414
64 63 1
64 65 1
64 83 1.414
64 84 1
64 85 1.414
65 44 1.414
65 45 1
65 46 1.414
65 64 1
65 66 1
65 84 1.414
65 85 1
65 86 1.414
66 45 1.414
66 46 1
66 47 1.414
66 65 1
66 67 1
66 85 1.414
66 86 1
66 87 1.414
67 46 1.414
67 47 1
67 48 1.414
67 66 1
67 68 1
67 86 1.414
67 87 1
67 88 1.414
68 47 1.414
68 48 1
68 49 1.414
68 67 1
68 69 1
68 87 1.414
68 88 1
68 89 1.414
69 48 1.414
69 49 1
69 50 1.414
69 68 1
69 70 1
69 88 1.414
69 89 1
69 90 1.414
70 49 1.414
70 50 1
70 51 1.414
70 69 1
70 71 1
70 89 1.414
70 90 1
70 91 1.414
71 50 1.414
71 51 1
71 52 1.414
71 70 1
71 72 1
71 90 1.414
71 91 1
71 92 1.414
72 51 1.414
72 52 1
72 53 1.414
72 71 1
72 73 1
72 91 1.414
72 92 1
72 93 1.414
73 52 1.414
73 53 1
73 54 1.414
73 72 1
73 74 1
73 92 1.414
73 93 1
73 94 1.414
74 53 1.414
74 54 1
74 55 1.414
74 73 1
74 75 1
74 93 1.414
74 94 1
74 95 1.414
75 54 1.414
75 55 1
75 56 1.414
75 74 1
75 76 1
75 94 1.414
75 95 1
75 96 1.414
76 55 1.414
76 56 1
76 75 1
76 95 1.414
76 96 1
77 56 1.414
77 57 1
77 58 1.414
77 76 1
77 78 1
77 96 1.414
77 97 1
77 98 1.414
78 57 1.414
78 58 1
78 59 1.414
78 77 1
78 79 1
78 97 1.414
78 98 1
78 99 1.414
79 58 1.414
79 59 1
79 60 1.414
79 78 1
79 80 1
79 98 1.414
79 99 1
79 100 1.414
80 60 1
80 61 1.414
80 81 1
80 100 1
80 101 1.414
81 60 1.414
81 61 1
81 62 1.414
81 80 1
81 82 1
81 100 1.414
81 101 1
81 102 1.414
82 61 1.414
82 62 1
82 63 1.414
82 81 1
82 83 1
82 101 1.414
82 102 1
82 103 1.414
83 62 1.414
83 63 1
83 64 1.414
83 82 1
83 84 1
83 102 1.414
83 103 1
83 104 1.414
84 63 1.414
84 64 1
84 65 1.414
84 83 1
84 85 1
84 103 1.414
84 104 1
84 105 1.414
85 64 1.414
85 65 1
85 66 1.414
85 84 1
85 86 1
85 104 1.414
85 105 1
85 106 1.414
86 65 1.414
86 66 1
86 67 1.414
86 85 1
86 87 1
86 105 1.414
86 106 1
86 107 1.414
87 66 1.414
87 67 1
87 68 1.414
87 86 1
87 88 1
87 106 1.414
87 107 1
87 108 1.414
88 67 1.414
88 68 1
88 69 1.414
88 87 1
88 89 1
88 107 1.414
88 108 1
88 109 1.414
89 68 1.414
89 69 1
89 70 1.414
89 88 1
89 90 1
89 108 1.414
89 109 1
89 110 1.414
90 69 1.414
90 70 1
90 71 1.414
90 89 1
90 91 1
90 109 1.414
90 110 1
90 111 1.414
91 70 1.414
91 71 1
91 72 1.414
91 90 1
91 92 1
91 110 1.414
91 111 1
91 112 1.414
92 71 1.414
92 72 1
92 73 1.414
92 91 1
92 93 1
92 111 1.414
92 112 1
92 113 1.414
93 72 1.414
93 73 1
93 74 1.414
93 92 1
93 94 1
93 112 1.414
93 113 1
93 114 1.414
94 73 1.414
94 74 1
94 75 1.414
94 93 1
94 95 1
94 113 1.414
94 114 1
94 115 1.414
95 74 1.414
95 75 1
95 94 1
95 114 1.414
95 115 1
96 75 1.414
96 76 1
96 77 1.414
96 95 1
96 97 1
96 115 1.414
96 116 1
96 117 1.414
97 76 1.414
97 77 1
97 78 1.414
97 96 1
97 98 1
97 116 1.414
97 117 1
97 118 1.414
98 77 1.414
98 78 1
98 79 1.414
98 97 1
98 99 1
98 117 1.414
98 118 1
98 119 1.414
99 78 1.414
99 79 1
99 80 1.414
99 98 1
99 100 1
99 118 1.414
99 119 1
99 120 1.414
100 80 1
100 81 1.414
100 101 1
100 120 1
100 121 1.414
101 80 1.414
101 81 1
101 82 1.414
101 100 1
101 102 1
101 120 1.414
101 121 1
101 122 1.414
102 81 1.414
102 82 1
102 83 1.414
102 101 1
102 103 1
102 121 1.414
102 122 1
102 123 1.414
103 82 1.414
103 83 1
103 84 1.414
103 102 1
103 104 1
103 122 1.414
103 123 1
103 124 1.414
104 83 1.414
104 84 1
104 85 1.414
104 103 1
104 105 1
104 123 1.414
104 124 1
104 125 1.414
105 84 1.414
105 85 1
105 86 1.414
105 104 1
105 106 1
105 124 1.414
105 125 1
105 126 1.414
106 85 1.414
106 86 1
106 87 1.414
106 105 1
106 107 1
106 125 1.414
106 126 1
106 127 1.414
107 86 1.414
107 87 1
107 88 1.414
107 106 1
107 108 1
107 126 1.414
107 127 1
107 128 1.414
108 87 1.414
108 88 1
108 89 1.414
108 107 1
108 109 1
108 127 1.414
108 128 1
108 129 1.414
109 88 1.414
109 89 1
109 90 1.414
109 108 1
109 110 1
109 128 1.414
109 129 1
109 130 1.414
110 89 1.414
110 90 1
110 91 1.414
110 109 1
110 111 1
110 129 1.414
110 130 1
110 131 1.414
111 90 1.414
111 91 1
111 92 1.414
111 110 1
111 112 1
111 130 1.414
111 131 1
111 132 1.414
112 91 1.414
112 92 1
112 93 1.414
112 111 1
112 113 1
112 131 1.414
112 132 1
112 133 1.414
113 92 1.414
113 93 1
113 94 1.414
113 112 1
113 114 1
113 132 1.414
113 133 1
113 134 1.414
114 93 1.414
114 94 1
114 113 1
114 133 1.414
114 134 1
115 94 1.414
115 95 1
115 96 1.414
115 114 1
115 116 1
115 134 1.414
115 135 1
115 136 1.414
116 95 1.414
116 96 1
116 97 1.414
116 115 1
116 117 1
116 135 1.414
116 136 1
116 137 1.414
117 96 1.414
117 97 1
117 98 1.414
117 116 1
117 118 1
117 136 1.414
117 137 1
117 138 1.414
118 97 1.414
118 98 1
118 99 1.414
118 117 1
118 119 1
118 137 1.414
118 138 1
118 139 1.414
119 98 1.414
119 99 1
119 100 1.414
119 118 1
119 120 1
119 138 1.414
119 139 1
119 140 1.414
120 100 1
120 101 1.414
120 121 1
120 140 1
120 141 1.414
121 100 1.414
121 101 1
121 102 1.414
121 120 1
121 122 1
121 140 1.414
121 141 1
121 142 1.414
122 101 1.414
122 102 1
122 103 1.414
122 121 1
122 123 1
122 141 1.414
122 142 1
122 143 1.414
123 102 1.414
123 103 1
123 104 1.414
123 122 1
123 124 1
123 142 1.414
123 143 1
123 144 1.414
124 103 1.414
124 104 1
124 105 1.414
124 123 1
124 125 1
124 143 1.414
124 144 1
124 145 1.414
125 104 1.414
125 105 1
125 106 1.414
125 124 1
125 126 1
125 144 1.414
125 145 1
125 146 1.414
126 105 1.414
126 106 1
126 107 1.414
126 125 1
126 127 1
126 145 1.414
126 146 1
126 147 1.414
127 106 1.414
127 107 1
127 108 1.414
127 126 1
127 128 1
127 146 1.414
127 147 1
127 148 1.414
128 107 1.414
128 108 1
128 109 1.414
128 127 1
128 129 1
128 147 1.414
128 148 1
128 149 1.414
129 108 1.414
129 109 1
129 110 1.414
129 128 1
129 130 1
129 148 1.414
129 149 1
129 150 1.414
130 109 1.414
130 110 1
130 111 1.414
130 129 1
130 131 1
130 149 1.414
130 150 1
130 151 1.414
131 110 1.414
131 111 1
131 112 1.414
131 130 1
131 132 1
131 150 1.414
131 151 1
131 152 1.414
132 111 1.414
132 112 1
132 113 1.414
132 131 1
132 133 1
132 151 1.414
132 152 1
132 153 1.414
133 112 1.414
133 113 1
133 132 1
133 152 1.414
133 153 1
134 113 1.414
134 114 1
134 115 1.414
134 133 1
134 135 1
134 153 1.414
134 154 1
134 155 1.414
135 114 1.414
135 115 1
135 116 1.414
135 134 1
135 136 1
135 154 1.414
135 155 1
135 156 1.414
136 115 1.414
136 116 1
136 117 1.414
136 135 1
136 137 1
136 155 1.414
136 156 1
136 157 1.414
137 116 1.414
137 117 1
137 118 1.414
137 136 1
137 138 1
137 156 1.414
137 157 1
137 158 1.414
138 117 1.414
138 118 1
138 119 1.414
138 137 1
138 139 1
138 157 1.414
138 158 1
138 159 1.414
139 118 1.414
139 119 1
139 120 1.414
139 138 1
139 140 1
139 158 1.414
139 159 1
139 160 1.414
140 120 1
140 121 1.414
140 141 1
140 160 1
140 161 1.414
141 120 1.414
141 121 1
141 122 1.414
141 140 1
141 142 1
141 160 1.414
141 161 1
141 162 1.414
142 121 1.414
142 122 1
142 123 1.414
142 141 1
142 143 1
142 161 1.414
142 162 1
142 163 1.414
143 122 1.414
143 123 1
143 124 1.414
143 142 1
143 144 1
143 162 1.414
143 163 1
143 164 1.414
144 123 1.414
144 124 1
144 125 1.414
144 143 1
144 145 1
144 163 1.414
144 164 1
144 165 1.414
145 124 1.414
145 125 1
145 126 1.414
145 144 1
145 146 1
145 164 1.414
145 165 1
145 166 1.414
146 125 1.414
146 126 1
146 127 1.414
146 145 1
146 147 1
146 165 1.414
146 166 1
146 167 1.414
147 126 1.414
147 127 1
147 128 1.414
147 146 1
147 148 1
147 166 1.414
147 167 1
147 168 1.414
148 127 1.414
148 128 1
148 129 1.414
148 147 1
148 149 1
148 167 1.414
148 168 1
148 169 1.414
149 128 1.414
149 129 1
149 130 1.414
149 148 1
149 150 1
149 168 1.414
149 169 1
149 170 1.414
150 129 1.414
150 130 1
150 131 1.414
150 149 1
150 151 1
150 169 1.414
150 170 1
150 171 1.414
151 130 1.414
151 131 1
151 132 1.414
151 150 1
151 152 1
151 170 1.414
151 171 1
151 172 1.414
152 131 1.414
152 132 1
152 151 1
152 171 1.414
152 172 1
153 132 1.414
153 133 1
153 134 1.414
153 152 1
153 154 1
153 172 1.414
153 173 1
153 174 1.414
154 133 1.414
154 134 1
154 135 1.414
154 153 1
154 155 1
154 173 1.414
154 174 1
154 175 1.414
155 134 1.414
155 135 1
155 136 1.414
155 154 1
155 156 1
155 174 1.414
155 175 1
155 176 1.414
156 135 1.414
156 136 1
156 137 1.414
156 155 1
156 157 1
156 175 1.414
156 176 1
156 177 1.414
157 136 1.414
157 137 1
157 138 1.414
157 156 1
157 158 1
157 176 1.414
157 177 1
157 178 1.414
158 137 1.414
158 138 1
158 139 1.414
158 157 1
158 159 1
158 177 1.414
158 178 1
158 179 1.414
159 138 1.414
159 139 1
159 140 1.414
159 158 1
159 160 1
159 178 1.414
159 179 1
159 180 1.414
160 140 1
160 141 1.414
160 161 1
160 180 1
160 181 1.414
161 140 1.414
161 141 1
161 142 1.414
161 160 1
161 162 1
161 180 1.414
161 181 1
161 182 1.414
162 141 1.414
162 142 1
162 143 1.414
162 161 1
162 163 1
162 181 1.414
162 182 1
162 183 1.414
163 142 1.414
163 143 1
163 144 1.414
163 162 1
163 164 1
163 182 1.414
163 183 1
163 184 1.414
164 143 1.414
164 144 1
164 145 1.414
164 163 1
164 165 1
164 183 1.414
164 184 1
164 185 1.414
165 144 1.414
165 145 1
165 146 1.414
165 164 1
165 166 1
165 184 1.414
165 185 1
165 186 1.414
166 145 1.414
166 146 1
166 147 1.414
166 165 1
166 167 1
166 185 1.414
166 186 1
166 187 1.414
167 146 1.414
167 147 1
167 148 1.414
167 166 1
167 168 1
167 186 1.414
167 187 1
167 188 1.414
168 147 1.414
168 148 1
168 149 1.414
168 167 1
168 169 1
168 187 1.414
168 188 1
168 189 1.414
169 148 1.414
169 149 1
169 150 1.414
169 168 1
169 170 1
169 188 1.414
169 189 1
169 190 1.414
170 149 1.414
170 150 1
170 151 1.414
170 169 1
170 171 1
170 189 1.414
170 190 1
170 191 1.414
171 150 1.414
171 151 1
171 170 1
171 190 1.414
171 191 1
172 151 1.414
172 152 1
172 153 1.414
172 171 1
172 173 1
172 191 1.414
172 192 1
172 193 1.414
173 152 1.414
173 153 1
173 154 1.414
173 172 1
173 174 1
173 192 1.414
173 193 1
173 194 1.414
174 153 1.414
174 154 1
174 155 1.414
174 173 1
174 175 1
174 193 1.414
174 194 1
174 195 1.414
175 154 1.414
175 155 1
175 156 1.414
175 174 1
175 176 1
175 194 1.414
175 195 1
175 196 1.414
176 155 1.414
176 156 1
176 157 1.414
176 175 1
176 177 1
176 195 1.414
176 196 1
176 197 1.414
177 156 1.414
177 157 1
177 158 1.414
177 176 1
177 178 1
177 196 1.414
177 197 1
177 198 1.414
178 157 1.414
178 158 1
178 159 1.414
178 177 1
178 179 1
178 197 1.414
178 198 1
178 199 1.414
179 158 1.414
179 159 1
179 160 1.414
179 178 1
179 180 1
179 198 1.414
179 199 1
179 200 1.414
180 160 1
180 161 1.414
180 181 1
180 200 1
180 201 1.414
181 160 1.414
181 161 1
181 162 1.414
181 180 1
181 182 1
181 200 1.414
181 201 1
181 202 1.414
182 161 1.414
182 162 1
182 163 1.414
182 181 1
182 183 1
182 201 1.414
182 202 1
182 203 1.414
183 162 1.414
183 163 1
183 164 1.414
183 182 1
183 184 1
183 202 1.414
183 203 1
183 204 1.414
184 163 1.414
184 164 1
184 165 1.414
184 183 1
184 185 1
184 203 1.414
184 204 1
184 205 1.414
185 164 1.414
185 165 1
185 166 1.414
185 184 1
185 186 1
185 204 1.414
185 205 1
185 206 1.414
186 165 1.414
186 166 1
186 167 1.414
186 185 1
186 187 1
186 205 1.414
186 206 1
186 207 1.414
187 166 1.414
187 167 1
187 168 1.414
187 186 1
187 188 1
187 206 1.414
187 207 1
187 208 1.414
188 167 1.414
188 168 1
188 169 1.414
188 187 1
188 189 1
188 207 1.414
188 208 1
188 209 1.414
189 168 1.414
189 169 1
189 170 1.414
189 188 1
189 190 1
189 208 1.414
189 209 1
189 210 1.414
190 169 1.414
190 170 1
190 189 1
190 209 1.414
190 210 1
191 170 1.414
191 171 1
191 172 1.414
191 190 1
191 192 1
191 210 1.414
191 211 1
191 212 1.414
192 171 1.414
192 172 1
192 173 1.414
192 191 1
192 193 1
192 211 1.414
192 212 1
192 213 1.414
193 172 1.414
193 173 1
193 174 1.414
193 192 1
193 194 1
193 212 1.414
193 213 1
193 214 1.414
194 173 1.414
194 174 1
194 175 1.414
194 193 1
194 195 1
194 213 1.414
194 214 1
194 215 1.414
195 174 1.414
195 175 1
195 176 1.414
195 194 1
195 196 1
195 214 1.414
195 215 1
195 216 1.414
196 175 1.414
196 176 1
196 177 1.414
196 195 1
196 197 1
196 215 1.414
196 216 1
196 217 1.414
197 176 1.414
197 177 1
197 178 1.414
197 196 1
197 198 1
197 216 1.414
197 217 1
197 218 1.414
198 177 1.414
198 178 1
198 179 1.414
198 197 1
198 199 1
198 217 1.414
198 218 1
198 219 1.414
199 178 1.414
199 179 1
199 180 1.414
199 198 1
199 200 1
199 218 1.414
199 219 1
199 220 1.414
200 180 1
200 181 1.414
200 201 1
200 220 1
200 221 1.414
201 180 1.414
201 181 1
201 182 1.414
201 200 1
201 202 1
201 220 1.414
201 221 1
201 222 1.414
202 181 1.414
202 182 1
202 183 1.414
202 201 1
202 203 1
202 221 1.414
202 222 1
202 223 1.414
203 182 1.414
203 183 1
203 184 1.414
203 202 1
203 204 1
203 222 1.414
203 223 1
203 224 1.414
204 183 1.414
204 184 1
204 185 1.414
204 203 1
204 205 1
204 223 1.414
204 224 1
204 225 1.414
205 184 1.414
205 185 1
205 186 1.414
205 204 1
205 206 1
205 224 1.414
205 225 1
205 226 1.414
206 185 1.414
206 186 1
206 187 1.414
206 205 1
206 207 1
206 225 1.414
206 226 1
206 227 1.414
207 186 1.414
207 187 1
207 188 1.414
207 206 1
207 208 1
207 226 1.414
207 227 1
207 228 1.414
208 187 1.414
208 188 1
208 189 1.414
208 207 1
208 209 1
208 227 1.414
208 228 1
208 229 1.414
209 188 1.414
209 189 1
209 208 1
209 228 1.414
209 229 1
210 189 1.414
210 190 1
210 191 1.414
210 209 1
210 211 1
210 229 1.414
210 230 1
210 231 1.414
211 190 1.414
211 191 1
211 192 1.414
211 210 1
211 212 1
211 230 1.414
211 231 1
211 232 1.414
212 191 1.414
212 192 1
212 193 1.414
212 211 1
212 213 1
212 231 1.414
212 232 1
212 233 1.414
213 192 1.414
213 193 1
213 194 1.414
213 212 1
213 214 1
213 232 1.414
213 233 1
213 234 1.414
214 193 1.414
214 194 1
214 195 1.414
214 213 1
214 215 1
214 233 1.414
214 234 1
214 235 1.414
215 194 1.414
215 195 1
215 196 1.414
215 214 1
215 216 1
215 234 1.414
215 235 1
215 236 1.414
216 195 1.414
216 196 1
216 197 1.414
216 215 1
216 217 1
216 235 1.414
216 236 1
216 237 1.414
217 196 1.414
217 197 1
217 198 1.414
217 216 1
217 218 1
217 236 1.414
217 237 1
217 238 1.414
218 197 1.414
218 198 1
218 199 1.414
218 217 1
218 219 1
218 237 1.414
218 238 1
218 239 1.414
219 198 1.414
219 199 1
219 200 1.414
219 218 1
219 220 1
219 238 1.414
219 239 1
219 240 1.414
220 200 1
220 201 1.414
220 221 1
220 240 1
220 241 1.414
221 200 1.414
221 201 1
221 202 1.414
221 220 1
221 222 1
221 240 1.414
221 241 1
221 242 1.414
222 201 1.414
222 202 1
222 203 1.414
222 221 1
222 223 1
222 241 1.414
222 242 1
222 243 1.414
223 202 1.414
223 203 1
223 204 1.414
223 222 1
223 224 1
223 242 1.414
223 243 1
223 244 1.414
224 203 1.414
224 204 1
224 205 1.414
224 223 1
224 225 1
224 243 1.414
224 244 1
224 245 1.414
225 204 1.414
225 205 1
225 206 1.414
225 224 1
225 226 1
225 244 1.414
225 245 1
225 246 1.414
226 205 1.414
226 206 1
226 207 1.414
226 225 1
226 227 1
226 245 1.414
226 246 1
226 247 1.414
227 206 1.414
227 207 1
227 208 1.414
227 226 1
227 228 1
227 246 1.414
227 247 1
227 248 1.414
228 207 1.414
228 208 1
228 227 1
228 247 1.414
228 248 1
229 208 1.414
229 209 1
229 210 1.414
229 228 1
229 230 1
229 248 1.414
229 249 1
229 250 1.414
230 209 1.414
230 210 1
230 211 1.414
230 229 1
230 231 1
230 249 1.414
230 250 1
230 251 1.414
231 210 1.414
231 211 1
231 212 1.414
231 230 1
231 232 1
231 250 1.414
231 251 1
231 252 1.414
232 211 1.414
232 212 1
232 213 1.414
232 231 1
232 233 1
232 251 1.414
232 252 1
232 253 1.414
233 212 1.414
233 213 1
233 214 1.414
233 232 1
233 234 1
233 252 1.414
233 253 1
233 254 1.414
234 213 1.414
234 214 1
234 215 1.414
234 233 1
234 235 1
234 253 1.414
234 254 1
234 255 1.414
235 214 1.414
235 215 1
235 216 1.414
235 234 1
235 236 1
235 254 1.414
235 255 1
235 256 1.414
236 215 1.414
236 216 1
236 217 1.414
236 235 1
236 237 1
236 255 1.414
236 256 1
236 257 1.414
237 216 1.414
237 217 1
237 218 1.414
237 236 1
237 238 1
237 256 1.414
237 257 1
237 258 1.414
238 217 1.414
238 218 1
238 219 1.414
238 237 1
238 239 1
238 257 1.414
238 258 1
238 259 1.414
239 218 1.414
239 219 1
239 220 1.414
239 238 1
239 240 1
239 258 1.414
239 259 1
239 260 1.414
240 220 1
240 221 1.414
240 241 1
240 260 1
240 261 1.414
241 220 1.414
241 221 1
241 222 1.414
241 240 1
241 242 1
241 260 1.414
241 261 1
241 262 1.414
242 221 1.414
242 222 1
242 223 1.414
242 241 1
242 243 1
242 261 1.414
242 262 1
242 263 1.414
243 222 1.414
243 223 1
243 224 1.414
243 242 1
243 244 1
243 262 1.414
243 263 1
243 264 1.414
244 223 1.414
244 224 1
244 225 1.414
244 243 1
244 245 1
244 263 1.414
244 264 1
244 265 1.414
245 224 1.414
245 225 1
245 226 1.414
245 244 1
245 246 1
245 264 1.414
245 265 1
245 266 1.414
246 225 1.414
246 226 1
246 227 1.414
246 245 1
246 247 1
246 265 1.414
246 266 1
246 267 1.414
247 226 1.414
247 227 1
247 246 1
247 266 1.414
247 267 1
248 227 1.414
248 228 1
248 229 1.414
248 247 1
248 249 1
248 267 1.414
248 268 1
248 269 1.414
249 228 1.414
249 229 1
249 230 1.414
249 248 1
249 250 1
249 268 1.414
249 269 1
249 270 1.414
250 229 1.414
250 230 1
250 231 1.414
250 249 1
250 251 1
250 269 1.414
250 270 1
250 271 1.414
251 230 1.414
251 231 1
251 232 1.414
251 250 1
251 252 1
251 270 1.414
251 271 1
251 272 1.414
252 231 1.414
252 232 1
252 233 1.414
252 251 1
252 253 1
252 271 1.414
252 272 1
252 273 1.414
253 232 1.414
253 233 1
253 234 1.414
253 252 1
253 254 1
253 272 1.414
253 273 1
253 274 1.414
254 233 1.414
254 234 1
254 235 1.414
254 253 1
254 255 1
254 273 1.414
254 274 1
254 275 1.414
255 234 1.414
255 235 1
255 236 1.414
255 254 1
255 256 1
255 274 1.414
255 275 1
255 276 1.414
256 235 1.414
256 236 1
256 237 1.414
256 255 1
256 257 1
256 275 1.414
256 276 1
256 277 1.414
257 236 1.414
257 237 1
257 238 1.414
257 256 1
257 258 1
257 276 1.414
257 277 1
257 278 1.414
258 237 1.414
258 238 1
258 239 1.414
258 257 1
258 259 1
258 277 1.414
258 278 1
258 279 1.414
259 238 1.414
259 239 1
259 240 1.414
259 258 1
259 260 1
259 278 1.414
259 279 1
259 280 1.414
260 240 1
260 241 1.414
260 261 1
260 280 1
260 281 1.414
261 240 1.414
261 241 1
261 242 1.414
261 260 1
261 262 1
261 280 1.414
261 281 1
261 282 1.414
262 241 1.414
262 242 1
262 243 1.414
262 261 1
262 263 1
262 281 1.414
262 282 1
262 283 1.414
263 242 1.414
263 243 1
263 244 1.414
263 262 1
263 264 1
263 282 1.414
263 283 1
263 284 1.414
264 243 1.414
264 244 1
264 245 1.414
264 263 1
264 265 1
264 283 1.414
264 284 1
264 285 1.414
265 244 1.414
265 245 1
265 246 1.414
265 264 1
265 266 1
265 284 1.414
265 285 1
265 286 1.414
266 245 1.414
266 246 1
266 265 1
266 285 1.414
266 286 1
267 246 1.414
267 247 1
267 248 1.414
267 266 1
267 268 1
267 286 1.414
267 287 1
267 288 1.414
268 247 1.414
268 248 1
268 249 1.414
268 267 1
268 269 1
268 287 1.414
268 288 1
268 289 1.414
269 248 1.414
269 249 1
269 250 1.414
269 268 1
269 270 1
269 288 1.414
269 289 1
269 290 1.414
270 249 1.414
270 250 1
270 251 1.414
270 269 1
270 271 1
270 289 1.414
270 290 1
270 291 1.414
271 250 1.414
271 251 1
271 252 1.414
271 270 1
271 272 1
271 290 1.414
271 291 1
271 292 1.414
272 251 1.414
272 252 1
272 253 1.414
272 271 1
272 273 1
272 291 1.414
272 292 1
272 293 1.414
273 252 1.414
273 253 1
273 254 1.414
273 272 1
273 274 1
273 292 1.414
273 293 1
273 294 1.414
274 253 1.414
274 254 1
274 255 1.414
274 273 1
274 275 1
274 293 1.414
274 294 1
274 295 1.414
275 254 1.414
275 255 1
275 256 1.414
275 274 1
275 276 1
275 294 1.414
275 295 1
275 296 1.414
276 255 1.414
276 256 1
276 257 1.414
276 275 1
276 277 1
276 295 1.414
276 296 1
276 297 1.414
277 256 1.414
277 257 1
277 258 1.414
277 276 1
277 278 1
277 296 1.414
277 297 1
277 298 1.414
278 257 1.414
278 258 1
278 259 1.414
278 277 1
278 279 1
278 297 1.414
278 298 1
278 299 1.414
279 258 1.414
279 259 1
279 260 1.414
279 278 1
279 280 1
279 298 1.414
279 299 1
279 300 1.414
280 260 1
280 261 1.414
280 281 1
280 300 1
280 301 1.414
281 260 1.414
281 261 1
281 262 1.414
281 280 1
281 282 1
281 300 1.414
281 301 1
281 302 1.414
282 261 1.414
282 262 1
282 263 1.414
282 281 1
282 283 1
282 301 1.414
282 302 1
282 303 1.414
283 262 1.414
283 263 1
283 264 1.414
283 282 1
283 284 1
283 302 1.414
283 303 1
283 304 1.414
284 263 1.414
284 264 1
284 265 1.414
284 283 1
284 285 1
284 303 1.414
284 304 1
284 305 1.414
285 264 1.414
285 265 1
285 284 1
285 304 1.414
285 305 1
286 265 1.414
286 266 1
286 267 1.414
286 285 1
286 287 1
286 305 1.414
286 306 1
286 307 1.414
287 266 1.414
287 267 1
287 268 1.414
287 286 1
287 288 1
287 306 1.414
287 307 1
287 308 1.414
288 267 1.414
288 268 1
288 269 1.414
288 287 1
288 289 1
288 307 1.414
288 308 1
288 309 1.414
289 268 1.414
289 269 1
289 270 1.414
289 288 1
289 290 1
289 308 1.414
289 309 1
289 310 1.414
290 269 1.414
290 270 1
290 271 1.414
290 289 1
290 291 1
290 309 1.414
290 310 1
290 311 1.414
291 270 1.414
291 271 1
291 272 1.414
291 290 1
291 292 1
291 310 1.414
291 311 1
291 312 1.414
292 271 1.414
292 272 1
292 273 1.414
292 291 1
292 293 1
292 311 1.414
292 312 1
292 313 1.414
293 272 1.414
293 273 1
293 274 1.414
293 292 1
293 294 1
293 312 1.414
293 313 1
293 314 1.414
294 273 1.414
294 274 1
294 275 1.414
294 293 1
294 295 1
294 313 1.414
294 314 1
294 315 1.414
295 274 1.414
295 275 1
295 276 1.414
295 294 1
295 296 1
295 314 1.414
295 315 1
295 316 1.414
296 275 1.414
296 276 1
296 277 1.414
296 295 1
296 297 1
296 315 1.414
296 316 1
296 317 1.414
297 276 1.414
297 277 1
297 278 1.414
297 296 1
297 298 1
297 316 1.414
297 317 1
297 318 1.414
298 277 1.414
298 278 1
298 279 1.414
298 297 1
298 299 1
298 317 1.414
298 318 1
298 319 1.414
299 278 1.414
299 279 1
299 280 1.414
299 298 1
299 300 1
299 318 1.414
299 319 1
299 320 1.414
300 280 1
300 281 1.414
300 301 1
300 320 1
300 321 1.414
301 280 1.414
301 281 1
301 282 1.414
301 300 1
301 302 1
301 320 1.414
301 321 1
301 322 1.414
302 281 1.414
302 282 1
302 283 1.414
302 301 1
302 303 1
302 321 1.414
302 322 1
302 323 1.414
303 282 1.414
303 283 1
303 284 1.414
303 302 1
303 304 1
303 322 1.414
303 323 1
303 324 1.414
304 283 1.414
304 284 1
304 303 1
304 323 1.414
304 324 1
305 284 1.414
305 285 1
305 286 1.414
305 304 1
305 306 1
305 324 1.414
305 325 1
305 326 1.414
306 285 1.414
306 286 1
306 287 1.414
306 305 1
306 307 1
306 325 1.414
306 326 1
306 327 1.414
307 286 1.414
307 287 1
307 288 1.414
307 306 1
307 308 1
307 326 1.414
307 327 1
307 328 1.414
308 287 1.414
308 288 1
308 289 1.414
308 307 1
308 309 1
308 327 1.414
308 328 1
308 329 1.414
309 288 1.414
309 289 1
309 290 1.414
309 308 1
309 310 1
309 328 1.414
309 329 1
309 330 1.414
310 289 1.414
310 290 1
310 291 1.414
310 309 1
310 311 1
310 329 1.414
310 330 1
310 331 1.414
311 290 1.414
311 291 1
311 292 1.414
311 310 1
311 312 1
311 330 1.414
311 331 1
311 332 1.414
312 291 1.414
312 292 1
312 293 1.414
312 311 1
312 313 1
312 331 1.414
312 332 1
312 333 1.414
313 292 1.414
313 293 1
313 294 1.414
313 312 1
313 314 1
313 332 1.414
313 333 1
313 334 1.414
314 293 1.414
314 294 1
314 295 1.414
314 313 1
314 315 1
314 333 1.414
314 334 1
314 335 1.414
315 294 1.414
315 295 1
315 296 1.414
315 314 1
315 316 1
315 334 1.414
315 335 1
315 336 1.414
316 295 1.414
316 296 1
316 297 1.414
316 315 1
316 317 1
316 335 1.414
316 336 1
316 337 1.414
317 296 1.414
317 297 1
317 298 1.414
317 316 1
317 318 1
317 336 1.414
317 337 1
317 338 1.414
318 297 1.414
318 298 1
318 299 1.414
318 317 1
318 319 1
318 337 1.414
318 338 1
318 339 1.414
319 298 1.414
319 299 1
319 300 1.414
319 318 1
319 320 1
319 338 1.414
319 339 1
319 340 1.414
320 300 1
320 301 1.414
320 321 1
320 340 1
320 341 1.414
321 300 1.414
321 301 1
321 302 1.414
321 320 1
321 322 1
321 340 1.414
321 341 1
321 342 1.414
322 301 1.414
322 302 1
322 303 1.414
322 321 1
322 323 1
322 341 1.414
322 342 1
322 343 1.414
323 302 1.414
323 303 1
323 322 1
323 342 1.414
323 343 1
324 303 1.414
324 304 1
324 305 1.414
324 323 1
324 325 1
324 343 1.414
324 344 1
324 345 1.414
325 304 1.414
325 305 1
325 306 1.414
325 324 1
325 326 1
325 344 1.414
325 345 1
325 346 1.414
326 305 1.414
326 306 1
326 307 1.414
326 325 1
326 327 1
326 345 1.414
326 346 1
326 347 1.414
327 306 1.414
327 307 1
327 308 1.414
327 326 1
327 328 1
327 346 1.414
327 347 1
327 348 1.414
328 307 1.414
328 308 1
328 309 1.414
328 327 1
328 329 1
328 347 1.414
328 348 1
328 349 1.414
329 308 1.414
329 309 1
329 310 1.414
329 328 1
329 330 1
329 348 1.414
329 349 1
329 350 1.414
330 309 1.414
330 310 1
330 311 1.414
330 329 1
330 331 1
330 349 1.414
330 350 1
330 351 1.414
331 310 1.414
331 311 1
331 312 1.414
331 330 1
331 332 1
331 350 1.414
331 351 1
331 352 1.414
332 311 1.414
332 312 1
332 313 1.414
332 331 1
332 333 1
332 351 1.414
332 352 1
332 353 1.414
333 312 1.414
333 313 1
333 314 1.414
333 332 1
333 334 1
333 352 1.414
333 353 1
333 354 1.414
334 313 1.414
334 314 1
334 315 1.414
334 333 1
334 335 1
334 353 1.414
334 354 1
334 355 1.414
335 314 1.414
335 315 1
335 316 1.414
335 334 1
335 336 1
335 354 1.414
335 355 1
335 356 1.414
336 315 1.414
336 316 1
336 317 1.414
336 335 1
336 337 1
336 355 1.414
336 356 1
336 357 1.414
337 316 1.414
337 317 1
337 318 1.414
337 336 1
337 338 1
337 356 1.414
337 357 1
337 358 1.414
338 317 1.414
338 318 1
338 319 1.414
338 337 1
338 339 1
338 357 1.414
338 358 1
338 359 1.414
339 318 1.414
339 319 1
339 320 1.414
339 338 1
339 340 1
339 358 1.414
339 359 1
339 360 1.414
340 320 1
340 321 1.414
340 341 1
340 360 1
340 361 1.414
341 320 1.414
341 321 1
341 322 1.414
341 340 1
341 342 1
341 360 1.414
341 361 1
341 362 1.414
342 321 1.414
342 322 1
342 341 1
342 361 1.414
342 362 1
343 322 1.414
343 323 1
343 324 1.414
343 342 1
343 344 1
343 362 1.414
343 363 1
343 364 1.414
344 323 1.414
344 324 1
344 325 1.414
344 343 1
344 345 1
344 363 1.414
344 364 1
344 365 1.414
345 324 1.414
345 325 1
345 326 1.414
345 344 1
345 346 1
345 364 1.414
345 365 1
345 366 1.414
346 325 1.414
346 326 1
346 327 1.414
346 345 1
346 347 1
346 365 1.414
346 366 1
346 367 1.414
347 326 1.414
347 327 1
347 328 1.414
347 346 1
347 348 1
347 366 1.414
347 367 1
347 368 1.414
348 327 1.414
348 328 1
348 329 1.414
348 347 1
348 349 1
348 367 1.414
348 368 1
348 369 1.414
349 328 1.414
349 329 1
349 330 1.414
349 348 1
349 350 1
349 368 1.414
349 369 1
349 370 1.414
350 329 1.414
350 330 1
350 331 1.414
350 349 1
350 351 1
350 369 1.414
350 370 1
350 371 1.414
351 330 1.414
351 331 1
351 332 1.414
351 350 1
351 352 1
351 370 1.414
351 371 1
351 372 1.414
352 331 1.414
352 332 1
352 333 1.414
352 351 1
352 353 1
352 371 1.414
352 372 1
352 373 1.414
353 332 1.414
353 333 1
353 334 1.414
353 352 1
353 354 1
353 372 1.414
353 373 1
353 374 1.414
354 333 1.414
354 334 1
354 335 1.414
354 353 1
354 355 1
354 373 1.414
354 374 1
354 375 1.414
355 334 1.414
355 335 1
355 336 1.414
355 354 1
355 356 1
355 374 1.414
355 375 1
355 376 1.414
356 335 1.414
356 336 1
356 337 1.414
356 355 1
356 357 1
356 375 1.414
356 376 1
356 377 1.414
357 336 1.414
357 337 1
357 338 1.414
357 356 1
357 358 1
357 376 1.414
357 377 1
357 378 1.414
358 337 1.414
358 338 1
358 339 1.414
358 357 1
358 359 1
358 377 1.414
358 378 1
358 379 1.414
359 338 1.414
359 339 1
359 340 1.414
359 358 1
359 360 1
359 378 1.414
359 379 1
359 380 1.414
360 340 1
360 341 1.414
360 361 1
360 380 1
360 381 1.414
361 340 1.414
361 341 1
361 360 1
361 380 1.414
361 381 1
362 341 1.414
362 342 1
362 343 1.414
362 361 1
362 363 1
362 381 1.414
362 382 1
362 383 1.414
363 342 1.414
363 343 1
363 344 1.414
363 362 1
363 364 1
363 382 1.414
363 383 1
363 384 1.414
364 343 1.414
364 344 1
364 345 1.414
364 363 1
364 365 1
364 383 1.414
364 384 1
364 385 1.414
365 344 1.414
365 345 1
365 346 1.414
365 364 1
365 366 1
365 384 1.414
365 385 1
365 386 1.414
366 345 1.414
366 346 1
366 347 1.414
366 365 1
366 367 1
366 385 1.414
366 386 1
366 387 1.414
367 346 1.414
367 347 1
367 348 1.414
367 366 1
367 368 1
367 386 1.414
367 387 1
367 388 1.414
368 347 1.414
368 348 1
368 349 1.414
368 367 1
368 369 1
368 387 1.414
368 388 1
368 389 1.414
369 348 1.414
369 349 1
369 350 1.414
369 368 1
369 370 1
369 388 1.414
369 389 1
369 390 1.414
370 349 1.414
370 350 1
370 351 1.414
370 369 1
370 371 1
370 389 1.414
370 390 1
370 391 1.414
371 350 1.414
371 351 1
371 352 1.414
371 370 1
371 372 1
371 390 1.414
371 391 1
371 392 1.414
372 351 1.414
372 352 1
372 353 1.414
372 371 1
372 373 1
372 391 1.414
372 392 1
372 393 1.414
373 352 1.414
373 353 1
373 354 1.414
373 372 1
373 374 1
373 392 1.414
373 393 1
373 394 1.414
374 353 1.414
374 354 1
374 355 1.414
374 373 1
374 375 1
374 393 1.414
374 394 1
374 395 1.414
375 354 1.414
375 355 1
375 356 1.414
375 374 1
375 376 1
375 394 1.414
375 395 1
375 396 1.414
376 355 1.414
376 356 1
376 357 1.414
376 375 1
376 377 1
376 395 1.414
376 396 1
376 397 1.414
377 356 1.414
377 357 1
377 358 1.414
377 376 1
377 378 1
377 396 1.414
377 397 1
377 398 1.414
378 357 1.414
378 358 1
378 359 1.414
378 377 1
378 379 1
378 397 1.414
378 398 1
378 399 1.414
379 358 1.414
379 359 1
379 360 1.414
379 378 1
379 380 1
379 398 1.414
379 399 1
380 360 1
381 360 1.414
381 361 1
381 362 1.414
381 380 1
381 382 1
382 361 1.414
382 362 1
382 363 1.414
382 381 1
382 383 1
383 362 1.414
383 363 1
383 364 1.414
383 382 1
383 384 1
384 363 1.414
384 364 1
384 365 1.414
384 383 1
384 385 1
385 364 1.414
385 365 1
385 366 1.414
385 384 1
385 386 1
386 365 1.414
386 366 1
386 367 1.414
386 385 1
386 387 1
387 366 1.414
387 367 1
387 368 1.414
387 386 1
387 388 1
388 367 1.414
388 368 1
388 369 1.414
388 387 1
388 389 1
389 368 1.414
389 369 1
389 370 1.414
389 388 1
389 390 1
390 369 1.414
390 370 1
390 371 1.414
390 389 1
390 391 1
391 370 1.414
391 371 1
391 372 1.414
391 390 1
391 392 1
392 371 1.414
392 372 1
392 373 1.414
392 391 1
392 393 1
393 372 1.414
393 373 1
393 374 1.414
393 392 1
393 394 1
394 373 1.414
394 374 1
394 375 1.414
394 393 1
394 395 1
395 374 1.414
395 375 1
395 376 1.414
395 394 1
395 396 1
396 375 1.414
396 376 1
396 377 1.414
396 395 1
396 397 1
397 376 1.414
397 377 1
397 378 1.414
397 396 1
397 398 1
398 377 1.414
398 378 1
398 379 1.414
398 397 1
398 399 1
399 378 1.414
399 379 1
399 398 1
