0 1 1
0 10 1
0 11 1.414
1 0 1
1 2 1
1 10 1.414
1 11 1
1 12 1.414
2 1 1
2 3 1
2 11 1.414
2 12 1
2 13 1.414
3 2 1
3 4 1
3 12 1.414
3 13 1
3 14 1.414
4 3 1
4 5 1
4 13 1.414
4 14 1
4 15 1.414
5 4 1
5 6 1
5 14 1.414
5 15 1
5 16 1.414
6 5 1
6 7 1
6 15 1.414
6 16 1
6 17 1.414
7 6 1
7 8 1
7 16 1.414
7 17 1
7 18 1.414
8 7 1
8 9 1
8 17 1.414
8 18 1
8 19 1.414
9 8 1
9 18 1.414
9 19 1
10 0 1
10 1 1.414
10 11 1
10 20 1
10 21 1.414
11 0 1.414
11 1 1
11 2 1.414
11 10 1
11 12 1
11 20 1.414
11 21 1
11 22 1.414
12 1 1.414
12 2 1
12 3 1.414
12 11 1
12 13 1
12 21 1.414
12 22 1
12 23 1.414
13 2 1.414
13 3 1
13 4 1.414
13 12 1
13 14 1
13 22 1.414
13 23 1
13 24 1.414
14 3 1.414
14 4 1
14 5 1.414
14 13 1
14 15 1
14 23 1.414
14 24 1
14 25 1.414
15 4 1.414
15 5 1
15 6 1.414
15 14 1
15 16 1
15 24 1.414
15 25 1
15 26 1.414
16 5 1.414
16 6 1
16 7 1.414
16 15 1
16 17 1
16 25 1.414
16 26 1
16 27 1.414
17 6 1.414
17 7 1
17 8 1.414
17 16 1
17 18 1
17 26 1.414
17 27 1
17 28 1.414
18 7 1.414
18 8 1
18 17 1
18 27 1.414
18 28 1
19 8 1.414
19 9 1
19 10 1.414
19 18 1
19 20 1
19 28 1.414
19 29 1
19 30 1.414
20 10 1
20 11 1.414
20 21 1
20 30 1
20 31 1.414
21 10 1.414
21 11 1
21 12 1.414
21 20 1
21 22 1
21 30 1.414
21 31 1
21 32 1.414
22 11 1.414
22 12 1
22 13 1.414
22 21 1
22 23 1
22 31 1.414
22 32 1
22 33 1.414
23 12 1.414
23 13 1
23 14 1.414
23 22 1
23 24 1
23 32 1.414
23 33 1
23 34 1.414
24 13 1.414
24 14 1
24 15 1.414
24 23 1
24 25 1
24 33 1.414
24 34 1
24 35 1.414
25 14 1.414
25 15 1
25 16 1.414
25 24 1
25 26 1
25 34 1.414
25 35 1
25 36 1.414
26 15 1.414
26 16 1
26 17 1.414
26 25 1
26 27 1
26 35 1.414
26 36 1
26 37 1.414
27 16 1.414
27 17 1
27 26 1
27 36 1.414
27 37 1
28 17 1.414
28 18 1
28 19 1.414
28 27 1
28 29 1
28 37 1.414
28 38 1
28 39 1.414
29 18 1.414
29 19 1
29 20 1.414
29 28 1
29 30 1
29 38 1.414
29 39 1
29 40 1.414
30 20 1
30 21 1.414
30 31 1
30 40 1
30 41 1.414
31 20 1.414
31 21 1
31 22 1.414
31 30 1
31 32 1
31 40 1.414
31 41 1
31 42 1.414
32 21 1.414
32 22 1
32 23 1.414
32 31 1
32 33 1
32 41 1.414
32 42 1
32 43 1.414
33 22 1.414
33 23 1
33 24 1.414
33 32 1
33 34 1
33 42 1.414
33 43 1
33 44 1.414
34 23 1.414
34 24 1
34 25 1.414
34 33 1
34 35 1
34 43 1.414
34 44 1
34 45 1.414
35 24 1.414
35 25 1
35 26 1.414
35 34 1
35 36 1
35 44 1.414
35 45 1
35 46 1.414
36 25 1.414
36 26 1
36 35 1
36 45 1.414
36 46 1
37 26 1.414
37 27 1
37 28 1.414
37 36 1
37 38 1
37 46 1.414
37 47 1
37 48 1.414
38 27 1.414
38 28 1
38 29 1.414
38 37 1
38 39 1
38 47 1.414
38 48 1
38 49 1.414
39 28 1.414
39 29 1
39 30 1.414
39 38 1
39 40 1
39 48 1.414
39 49 1
39 50 1.414
40 30 1
40 31 1.414
40 41 1
40 50 1
40 51 1.414
41 30 1.414
41 31 1
41 32 1.414
41 40 1
41 42 1
41 50 1.414
41 51 1
41 52 1.414
42 31 1.414
42 32 1
42 33 1.414
42 41 1
42 43 1
42 51 1.414
42 52 1
42 53 1.414
43 32 1.414
43 33 1
43 34 1.414
43 42 1
43 44 1
43 52 1.414
43 53 1
43 54 1.414
44 33 1.414
44 34 1
44 35 1.414
44 43 1
44 45 1
44 53 1.414
44 54 1
44 55 1.414
45 34 1.414
45 35 1
45 44 1
45 54 1.414
45 55 1
46 35 1.414
46 36 1
46 37 1.414
46 45 1
46 47 1
46 55 1.414
46 56 1
46 57 1.414
47 36 1.414
47 37 1
47 38 1.414
47 46 1
47 48 1
47 56 1.414
47 57 1
47 58 1.414
48 37 1.414
48 38 1
48 39 1.414
48 47 1
48 49 1
48 57 1.414
48 58 1
48 59 1.414
49 38 1.414
49 39 1
49 40 1.414
49 48 1
49 50 1
49 58 1.414
49 59 1
49 60 1.414
50 40 1
50 41 1.414
50 51 1
50 60 1
50 61 1.414
51 40 1.414
51 41 1
51 42 1.414
51 50 1
51 52 1
51 60 1.414
51 61 1
51 62 1.414
52 41 1.414
52 42 1
52 43 1.414
52 51 1
52 53 1
52 61 1.414
52 62 1
52 63 1.414
53 42 1.414
53 43 1
53 44 1.414
53 52 1
53 54 1
53 62 1.414
53 63 1
53 64 1.414
54 43 1.414
54 44 1
54 53 1
54 63 1.414
54 64 1
55 44 1.414
55 45 1
55 46 1.414
55 54 1
55 56 1
55 64 1.414
55 65 1
55 66 1.414
56 45 1.414
56 46 1
56 47 1.414
56 55 1
56 57 1
56 65 1.414
56 66 1
56 67 1.414
57 46 1.414
57 47 1
57 48 1.414
57 56 1
57 58 1
57 66 1.414
57 67 1
57 68 1.414
58 47 1.414
58 48 1
58 49 1.414
58 57 1
58 59 1
58 67 1.414
58 68 1
58 69 1.414
59 48 1.414
59 49 1
59 50 1.414
59 58 1
59 60 1
59 68 1.414
59 69 1
59 70 1.414
60 50 1
60 51 1.414
60 61 1
60 70 1
60 71 1.414
61 50 1.414
61 51 1
61 52 1.414
61 60 1
61 62 1
61 70 1.414
61 71 1
61 72 1.414
62 51 1.414
62 52 1
62 53 1.414
62 61 1
62 63 1
62 71 1.414
62 72 1
62 73 1.414
63 52 1.414
63 53 1
63 62 1
63 72 1.414
63 73 1
64 53 1.414
64 54 1
64 55 1.414
64 63 1
64 65 1
64 73 1.414
64 74 1
64 75 1.414
65 54 1.414
65 55 1
65 56 1.414
65 64 1
65 66 1
65 74 1.414
65 75 1
65 76 1.414
66 55 1.414
66 56 1
66 57 1.414
66 65 1
66 67 1
66 75 1.414
66 76 1
66 77 1.414
67 56 1.414
67 57 1
67 58 1.414
67 66 1
67 68 1
67 76 1.414
67 77 1
67 78 1.414
68 57 1.414
68 58 1
68 59 1.414
68 67 1
68 69 1
68 77 1.414
68 78 1
68 79 1.414
69 58 1.414
69 59 1
69 60 1.414
69 68 1
69 70 1
69 78 1.414
69 79 1
69 80 1.414
70 60 1
70 61 1.414
70 71 1
70 80 1
70 81 1.414
71 60 1.414
71 61 1
71 62 1.414
71 70 1
71 72 1
71 80 1.414
71 81 1
71 82 1.414
72 61 1.414
72 62 1
72 71 1
72 81 1.414
72 82 1
73 62 1.414
73 63 1
73 64 1.414
73 72 1
73 74 1
73 82 1.414
73 83 1
73 84 1.414
74 63 1.414
74 64 1
74 65 1.414
74 73 1
74 75 1
74 83 1.414
74 84 1
74 85 1.414
75 64 1.414
75 65 1
75 66 1.414
75 74 1
75 76 1
75 84 1.414
75 85 1
75 86 1.414
76 65 1.414
76 66 1
76 67 1.414
76 75 1
76 77 1
76 85 1.414
76 86 1
76 87 1.414
77 66 1.414
77 67 1
77 68 1.414
77 76 1
77 78 1
77 86 1.414
77 87 1
77 88 1.414
78 67 1.414
78 68 1
78 69 1.414
78 77 1
78 79 1
78 87 1.414
78 88 1
78 89 1.414
79 68 1.414
79 69 1
79 70 1.414
79 78 1
79 80 1
79 88 1.414
79 89 1
79 90 1.414
80 70 1
80 71 1.414
80 81 1
80 90 1
80 91 1.414
81 70 1.414
81 71 1
81 80 1
81 90 1.414
81 91 1
82 71 1.414
82 72 1
82 73 1.414
82 81 1
82 83 1
82 91 1.414
82 92 1
82 93 1.414
83 72 1.414
83 73 1
83 74 1.414
83 82 1
83 84 1
83 92 1.414
83 93 1
83 94 1.414
84 73 1.414
84 74 1
84 75 1.414
84 83 1
84 85 1
84 93 1.414
84 94 1
84 95 1.414
85 74 1.414
85 75 1
85 76 1.414
85 84 1
85 86 1
85 94 1.414
85 95 1
85 96 1.414
86 75 1.414
86 76 1
86 77 1.414
86 85 1
86 87 1
86 95 1.414
86 96 1
86 97 1.414
87 76 1.414
87 77 1
87 78 1.414
87 86 1
87 88 1
87 96 1.414
87 97 1
87 98 1.414
88 77 1.414
88 78 1
88 79 1.414
88 87 1
88 89 1
88 97 1.414
88 98 1
88 99 1.414
89 78 1.414
89 79 1
89 80 1.414
89 88 1
89 90 1
89 98 1.414
89 99 1
90 80 1
91 80 1.414
91 81 1
91 82 1.414
91 90 1
91 92 1
92 81 1.414
92 82 1
92 83 1.414
92 91 1
92 93 1
93 82 1.414
93 83 1
93 84 1.414
93 92 1
93 94 1
94 83 1.414
94 84 1
94 85 1.414
94 93 1
94 95 1
95 84 1.414
95 85 1
95 86 1.414
95 94 1
95 96 1
96 85 1.414
96 86 1
96 87 1.414
96 95 1
96 97 1
97 86 1.414
97 87 1
97 88 1.414
97 96 1
97 98 1
98 87 1.414
98 88 1
98 89 1.414
98 97 1
98 99 1
99 88 1.414
99 89 1
99 98 1
